1,71
8,35
74,61
94,10
64,61
90,9
95,1
17,82
60,62
64,1
47,47
60,92
27,52
17,65
47,97
10,73
10,71
15,34
40,32
68,93
81,37
73,78
11,77
4,14
50,94
39,81
20,46
88,52
94,56
61,73
74,23
74,40
59,22
56,84
60,69
66,24
53,96
35,34
48,39
23,67
73,38
67,65
9,55
84,91
41,16
42,91
45,57
73,36
64,42
2,77
38,94
57,49
89,65
95,39
17,62
67,22
76,58
51,74
64,89
44,49
61,24
87,59
52,64
65,6
48,30
23,31
34,1
63,48
22,5
82,55
17,59
58,80
21,51
4,19
27,57
49,88
50,53
75,49
32,83
96,57
79,76
85,56
79,90
52,85
19,27
74,62
36,70
45,17
72,67
69,25
5,75
79,91
31,43
82,37
11,44
50,85
16,86
18,29
53,64
35,47
